2017-09-28 18:18:04	1506615484	796	0	5	100	0	500	200
2017-09-28 18:18:05	1506615485	827	0	5	100	0	500	200
2017-09-28 18:18:06	1506615486	828	0	5	100	0	500	200
2017-09-28 18:18:07	1506615487	828	0	5	100	0	500	200
2017-09-28 18:18:08	1506615488	779	0	5	100	0	500	200
2017-09-28 18:18:09	1506615489	818	0	5	100	0	500	200
2017-09-28 18:18:10	1506615490	321	1023	5	100	0	500	200
2017-09-28 18:18:11	1506615491	572	1023	5	100	0	500	200
2017-09-28 18:18:12	1506615492	426	1023	5	100	0	500	200
2017-09-28 18:18:13	1506615493	339	1023	5	100	0	500	200
2017-09-28 18:18:14	1506615494	515	1023	5	100	0	500	200
2017-09-28 18:18:15	1506615495	371	1023	5	100	0	500	200
2017-09-28 18:18:16	1506615496	435	1023	5	100	0	500	200
2017-09-28 18:18:17	1506615497	636	1023	5	100	0	500	200
2017-09-28 18:18:18	1506615498	706	1023	5	100	0	500	200
2017-09-28 18:18:19	1506615499	440	1023	5	100	0	500	200
2017-09-28 18:18:20	1506615500	736	1023	5	100	0	500	200
2017-09-28 18:18:21	1506615501	658	801	5	100	0	500	200
2017-09-28 18:18:22	1506615502	743	0	5	100	0	500	200
2017-09-28 18:18:23	1506615503	811	0	5	100	0	500	200
2017-09-28 18:18:24	1506615504	811	0	5	100	0	500	200
2017-09-28 18:18:25	1506615505	812	0	5	100	0	500	200
2017-09-28 18:18:26	1506615506	829	0	5	100	0	500	200
2017-09-28 18:18:27	1506615507	825	0	5	100	0	500	200
2017-09-28 18:18:28	1506615508	819	0	5	100	0	500	200
2017-09-28 18:18:29	1506615509	822	0	5	100	0	500	200
2017-09-28 18:18:30	1506615510	821	0	5	100	0	500	200
2017-09-28 18:18:31	1506615511	814	0	5	100	0	500	200
2017-09-28 18:18:32	1506615512	795	0	5	100	0	500	200
2017-09-28 18:18:33	1506615513	686	0	5	100	0	500	200
2017-09-28 18:18:34	1506615514	627	0	5	100	0	500	200
2017-09-28 18:18:35	1506615515	612	0	5	100	0	500	200
2017-09-28 18:18:36	1506615516	368	1023	5	100	0	500	200
2017-09-28 18:18:37	1506615517	342	1023	5	100	0	500	200
2017-09-28 18:18:38	1506615518	350	1023	5	100	0	500	200
2017-09-28 18:18:39	1506615519	318	1023	5	100	0	500	200
2017-09-28 18:18:40	1506615520	346	1023	5	100	0	500	200
2017-09-28 18:18:41	1506615521	340	1023	5	100	0	500	200
2017-09-28 18:18:42	1506615522	455	1023	5	100	0	500	200
2017-09-28 18:18:43	1506615523	503	1023	5	100	0	500	200
2017-09-28 18:18:44	1506615524	329	1023	5	100	0	500	200
2017-09-28 18:18:45	1506615525	710	1023	5	100	0	500	200
2017-09-28 18:18:46	1506615526	569	1023	5	100	0	500	200
2017-09-28 18:18:47	1506615527	583	1023	5	100	0	500	200
2017-09-28 18:18:48	1506615528	531	1023	5	100	0	500	200
2017-09-28 18:18:49	1506615529	679	1023	5	100	0	500	200
2017-09-28 18:18:50	1506615530	729	0	5	100	0	500	200
2017-09-28 18:18:51	1506615531	809	0	5	100	0	500	200
2017-09-28 18:18:52	1506615532	800	0	5	100	0	500	200
2017-09-28 18:18:53	1506615533	818	0	5	100	0	500	200
2017-09-28 18:18:54	1506615534	828	0	5	100	0	500	200
2017-09-28 18:18:55	1506615535	828	0	5	100	0	500	200
2017-09-28 18:18:56	1506615536	796	0	5	100	0	500	200
2017-09-28 18:18:57	1506615537	821	0	5	100	0	500	200
2017-09-28 18:18:58	1506615538	829	0	5	100	0	500	200
2017-09-28 18:18:59	1506615539	828	0	5	100	0	500	200
2017-09-28 18:19:00	1506615540	823	0	5	100	0	500	200
2017-09-28 18:19:01	1506615541	824	0	5	100	0	500	200
2017-09-28 18:19:02	1506615542	812	0	5	100	0	500	200
2017-09-28 18:19:03	1506615543	808	0	5	100	0	500	200
2017-09-28 18:19:04	1506615544	804	0	5	100	0	500	200
2017-09-28 18:19:05	1506615545	695	0	5	100	0	500	200
2017-09-28 18:19:06	1506615546	596	0	5	100	0	500	200
2017-09-28 18:19:11	1506615551	766	0	5	100	0	500	200
2017-09-28 18:19:12	1506615552	743	0	5	100	0	500	200
2017-09-28 18:19:13	1506615553	686	0	5	100	0	500	200
2017-09-28 18:19:14	1506615554	438	0	5	100	0	500	200
2017-09-28 18:19:15	1506615555	457	1023	5	100	0	500	200
2017-09-28 18:19:16	1506615556	524	1023	5	100	0	500	200
2017-09-28 18:19:17	1506615557	776	125	5	100	0	500	200
2017-09-28 18:19:18	1506615558	748	0	5	100	0	500	200
2017-09-28 18:19:19	1506615559	764	0	5	100	0	500	200
2017-09-28 18:19:20	1506615560	709	0	5	100	0	500	200
2017-09-28 18:19:21	1506615561	800	0	5	100	0	500	200
2017-09-28 18:19:22	1506615562	802	0	5	100	0	500	200
2017-09-28 18:19:23	1506615563	775	0	5	100	0	500	200
2017-09-28 18:19:24	1506615564	796	0	5	100	0	500	200
2017-09-28 18:19:25	1506615565	806	0	5	100	0	500	200
2017-09-28 18:19:26	1506615566	810	0	5	100	0	500	200
2017-09-28 18:19:27	1506615567	812	0	5	100	0	500	200
2017-09-28 18:19:28	1506615568	812	0	5	100	0	500	200
2017-09-28 18:19:29	1506615569	827	0	5	100	0	500	200
2017-09-28 18:19:30	1506615570	824	0	5	100	0	500	200
2017-09-28 18:19:31	1506615571	829	0	5	100	0	500	200
2017-09-28 18:19:32	1506615572	815	0	5	100	0	500	200
2017-09-28 18:19:33	1506615573	817	0	5	100	0	500	200
2017-09-28 18:19:34	1506615574	827	0	5	100	0	500	200
2017-09-28 18:19:35	1506615575	830	0	5	100	0	500	200
2017-09-28 18:19:36	1506615576	816	0	5	100	0	500	200
2017-09-28 18:19:37	1506615577	803	0	5	100	0	500	200
2017-09-28 18:19:38	1506615578	819	0	5	100	0	500	200
2017-09-28 18:19:39	1506615579	803	0	5	100	0	500	200
2017-09-28 18:19:40	1506615580	824	0	5	100	0	500	200
2017-09-28 18:19:41	1506615581	816	0	5	100	0	500	200
2017-09-28 18:19:42	1506615582	807	0	5	100	0	500	200
2017-09-28 18:19:43	1506615583	828	0	5	100	0	500	200
2017-09-28 18:19:44	1506615584	829	0	5	100	0	500	200
2017-09-28 18:19:45	1506615585	806	0	5	100	0	500	200
2017-09-28 18:19:46	1506615586	828	0	5	100	0	500	200
2017-09-28 18:19:47	1506615587	801	0	5	100	0	500	200
2017-09-28 18:19:48	1506615588	820	0	5	100	0	500	200
2017-09-28 18:19:49	1506615589	814	0	5	100	0	500	200
2017-09-28 18:19:50	1506615590	797	0	5	100	0	500	200
2017-09-28 18:19:51	1506615591	816	0	5	100	0	500	200
2017-09-28 18:19:52	1506615592	812	0	5	100	0	500	200
2017-09-28 18:19:53	1506615593	824	0	5	100	0	500	200
2017-09-28 18:19:59	1506615599	357	1023	5	10	0	500	200
2017-09-28 18:20:00	1506615600	394	1023	5	10	0	500	200
2017-09-28 18:20:01	1506615601	316	1023	5	10	0	500	200
2017-09-28 18:20:02	1506615602	535	1023	5	10	0	500	200
2017-09-28 18:20:03	1506615603	498	1023	5	10	0	500	200
2017-09-28 18:20:04	1506615604	400	1023	5	10	0	500	200
2017-09-28 18:20:05	1506615605	595	1023	5	10	0	500	200
2017-09-28 18:20:06	1506615606	512	1023	5	10	0	500	200
2017-09-28 18:20:07	1506615607	332	1023	5	10	0	500	200
2017-09-28 18:20:08	1506615608	376	1023	5	10	0	500	200
2017-09-28 18:20:09	1506615609	599	1023	5	10	0	500	200
2017-09-28 18:20:10	1506615610	389	1023	5	10	0	500	200
2017-09-28 18:20:11	1506615611	360	1023	5	10	0	500	200
2017-09-28 18:20:12	1506615612	454	1023	5	10	0	500	200
2017-09-28 18:20:13	1506615613	531	1023	5	10	0	500	200
2017-09-28 18:20:14	1506615614	504	1023	5	10	0	500	200
2017-09-28 18:20:15	1506615615	468	1023	5	10	0	500	200
2017-09-28 18:20:16	1506615616	506	1023	5	10	0	500	200
2017-09-28 18:20:17	1506615617	510	1023	5	10	0	500	200
2017-09-28 18:20:18	1506615618	441	1023	5	10	0	500	200
2017-09-28 18:20:19	1506615619	369	1023	5	10	0	500	200
2017-09-28 18:20:20	1506615620	460	1023	5	10	0	500	200
2017-09-28 18:20:21	1506615621	345	1023	5	10	0	500	200
2017-09-28 18:20:22	1506615622	407	1023	5	10	0	500	200
2017-09-28 18:20:23	1506615623	380	1023	5	10	0	500	200
2017-09-28 18:20:24	1506615624	733	504	5	10	0	500	200
2017-09-28 18:20:25	1506615625	668	149	5	10	0	500	200
2017-09-28 18:20:26	1506615626	752	0	5	10	0	500	200
2017-09-28 18:20:27	1506615627	733	0	5	10	0	500	200
2017-09-28 18:20:28	1506615628	748	0	5	10	0	500	200
2017-09-28 18:20:29	1506615629	436	960	5	10	0	500	200
2017-09-28 18:20:30	1506615630	781	0	5	10	0	500	200
2017-09-28 18:20:31	1506615631	766	0	5	10	0	500	200
2017-09-28 18:20:32	1506615632	781	0	5	10	0	500	200
2017-09-28 18:20:33	1506615633	789	0	5	10	0	500	200
2017-09-28 18:20:34	1506615634	771	0	5	10	0	500	200
2017-09-28 18:20:35	1506615635	784	0	5	10	0	500	200
2017-09-28 18:20:36	1506615636	798	0	5	10	0	500	200
2017-09-28 18:20:37	1506615637	806	0	5	10	0	500	200
2017-09-28 18:20:38	1506615638	801	0	5	10	0	500	200
2017-09-28 18:20:39	1506615639	826	0	5	10	0	500	200
2017-09-28 18:20:40	1506615640	828	0	5	10	0	500	200
2017-09-28 18:20:41	1506615641	805	0	5	10	0	500	200
2017-09-28 18:20:42	1506615642	808	0	5	10	0	500	200
2017-09-28 18:20:43	1506615643	811	0	5	10	0	500	200
2017-09-28 18:20:44	1506615644	830	0	5	10	0	500	200
2017-09-28 18:20:45	1506615645	816	0	5	10	0	500	200
2017-09-28 18:20:46	1506615646	828	0	5	10	0	500	200
2017-09-28 18:20:47	1506615647	829	0	5	10	0	500	200
2017-09-28 18:20:48	1506615648	828	0	5	10	0	500	200
2017-09-28 18:20:49	1506615649	828	0	5	10	0	500	200
2017-09-28 18:20:50	1506615650	826	0	5	10	0	500	200
2017-09-28 18:20:51	1506615651	794	0	5	10	0	500	200
2017-09-28 18:20:52	1506615652	830	0	5	10	0	500	200
2017-09-28 18:20:53	1506615653	829	0	5	10	0	500	200
2017-09-28 18:20:54	1506615654	810	0	5	10	0	500	200
2017-09-28 18:20:55	1506615655	806	0	5	10	0	500	200
2017-09-28 18:20:56	1506615656	816	0	5	10	0	500	200
2017-09-28 18:20:57	1506615657	816	0	5	10	0	500	200
2017-09-28 18:20:58	1506615658	826	0	5	10	0	500	200
2017-09-28 18:20:59	1506615659	818	0	5	10	0	500	200
2017-09-28 18:21:00	1506615660	815	0	5	10	0	500	200
2017-09-28 18:21:06	1506615666	802	0	5	10	0	500	2000
2017-09-28 18:21:07	1506615667	816	0	5	10	0	500	2000
2017-09-28 18:21:08	1506615668	828	0	5	10	0	500	2000
2017-09-28 18:21:09	1506615669	825	0	5	10	0	500	2000
2017-09-28 18:21:10	1506615670	815	0	5	10	0	500	2000
2017-09-28 18:21:11	1506615671	816	0	5	10	0	500	2000
2017-09-28 18:21:12	1506615672	828	0	5	10	0	500	2000
2017-09-28 18:21:13	1506615673	820	0	5	10	0	500	2000
2017-09-28 18:21:14	1506615674	828	0	5	10	0	500	2000
2017-09-28 18:21:15	1506615675	817	0	5	10	0	500	2000
2017-09-28 18:21:16	1506615676	816	0	5	10	0	500	2000
2017-09-28 18:21:17	1506615677	830	0	5	10	0	500	2000
2017-09-28 18:21:18	1506615678	792	0	5	10	0	500	2000
2017-09-28 18:21:19	1506615679	827	0	5	10	0	500	2000
2017-09-28 18:21:20	1506615680	812	0	5	10	0	500	2000
2017-09-28 18:21:21	1506615681	816	0	5	10	0	500	2000
2017-09-28 18:21:22	1506615682	824	0	5	10	0	500	2000
2017-09-28 18:21:23	1506615683	822	0	5	10	0	500	2000
2017-09-28 18:21:24	1506615684	815	0	5	10	0	500	2000
2017-09-28 18:21:25	1506615685	804	0	5	10	0	500	2000
2017-09-28 18:21:26	1506615686	814	0	5	10	0	500	2000
2017-09-28 18:21:27	1506615687	816	0	5	10	0	500	2000
2017-09-28 18:21:28	1506615688	814	0	5	10	0	500	2000
2017-09-28 18:21:29	1506615689	759	0	5	10	0	500	2000
2017-09-28 18:21:30	1506615690	761	0	5	10	0	500	2000
2017-09-28 18:21:31	1506615691	742	0	5	10	0	500	2000
2017-09-28 18:21:32	1506615692	763	0	5	10	0	500	2000
2017-09-28 18:21:33	1506615693	799	0	5	10	0	500	2000
2017-09-28 18:21:34	1506615694	729	0	5	10	0	500	2000
2017-09-28 18:21:35	1506615695	694	0	5	10	0	500	2000
2017-09-28 18:21:36	1506615696	633	0	5	10	0	500	2000
2017-09-28 18:21:37	1506615697	706	0	5	10	0	500	2000
2017-09-28 18:21:38	1506615698	508	0	5	10	0	500	2000
2017-09-28 18:21:39	1506615699	314	0	5	10	0	500	2000
2017-09-28 18:21:40	1506615700	654	0	5	10	0	500	2000
2017-09-28 18:21:41	1506615701	531	0	5	10	0	500	2000
2017-09-28 18:21:42	1506615702	543	0	5	10	0	500	2000
2017-09-28 18:21:43	1506615703	317	0	5	10	0	500	2000
2017-09-28 18:21:44	1506615704	383	0	5	10	0	500	2000
2017-09-28 18:21:45	1506615705	499	0	5	10	0	500	2000
2017-09-28 18:21:46	1506615706	326	0	5	10	0	500	2000
2017-09-28 18:21:47	1506615707	657	0	5	10	0	500	2000
2017-09-28 18:21:48	1506615708	589	0	5	10	0	500	2000
2017-09-28 18:21:49	1506615709	691	0	5	10	0	500	2000
2017-09-28 18:21:50	1506615710	787	0	5	10	0	500	2000
2017-09-28 18:21:51	1506615711	811	0	5	10	0	500	2000
2017-09-28 18:21:52	1506615712	750	0	5	10	0	500	2000
2017-09-28 18:21:53	1506615713	783	0	5	10	0	500	2000
2017-09-28 18:21:54	1506615714	662	0	5	10	0	500	2000
2017-09-28 18:21:55	1506615715	743	0	5	10	0	500	2000
2017-09-28 18:21:56	1506615716	777	0	5	10	0	500	2000
2017-09-28 18:21:57	1506615717	805	0	5	10	0	500	2000
2017-09-28 18:21:58	1506615718	734	0	5	10	0	500	2000
2017-09-28 18:21:59	1506615719	810	0	5	10	0	500	2000
2017-09-28 18:22:00	1506615720	812	0	5	10	0	500	2000
2017-09-28 18:22:01	1506615721	811	0	5	10	0	500	2000
2017-09-28 18:22:02	1506615722	783	0	5	10	0	500	2000
2017-09-28 18:22:03	1506615723	752	0	5	10	0	500	2000
2017-09-28 18:22:04	1506615724	814	0	5	10	0	500	2000
2017-09-28 18:22:05	1506615725	793	0	5	10	0	500	2000
2017-09-28 18:22:06	1506615726	701	0	5	10	0	500	2000
2017-09-28 18:22:07	1506615727	789	0	5	10	0	500	2000
2017-09-28 18:22:08	1506615728	785	0	5	10	0	500	2000
2017-09-28 18:22:09	1506615729	774	0	5	10	0	500	2000
2017-09-28 18:22:10	1506615730	793	0	5	10	0	500	2000
2017-09-28 18:22:11	1506615731	799	0	5	10	0	500	2000
2017-09-28 18:22:12	1506615732	675	0	5	10	0	500	2000
2017-09-28 18:22:13	1506615733	731	0	5	10	0	500	2000
2017-09-28 18:22:14	1506615734	681	0	5	10	0	500	2000
2017-09-28 18:22:15	1506615735	739	0	5	10	0	500	2000
2017-09-28 18:22:16	1506615736	697	0	5	10	0	500	2000
2017-09-28 18:22:17	1506615737	793	0	5	10	0	500	2000
2017-09-28 18:22:18	1506615738	718	0	5	10	0	500	2000
2017-09-28 18:22:19	1506615739	808	0	5	10	0	500	2000
2017-09-28 18:22:20	1506615740	812	0	5	10	0	500	2000
2017-09-28 18:22:21	1506615741	799	0	5	10	0	500	2000
2017-09-28 18:22:22	1506615742	779	0	5	10	0	500	2000
2017-09-28 18:22:23	1506615743	760	0	5	10	0	500	2000
2017-09-28 18:22:24	1506615744	819	0	5	10	0	500	2000
2017-09-28 18:22:25	1506615745	800	0	5	10	0	500	2000
2017-09-28 18:22:26	1506615746	755	0	5	10	0	500	2000
2017-09-28 18:22:27	1506615747	772	0	5	10	0	500	2000
2017-09-28 18:22:28	1506615748	748	0	5	10	0	500	2000
2017-09-28 18:22:29	1506615749	635	0	5	10	0	500	2000
2017-09-28 18:22:30	1506615750	707	0	5	10	0	500	2000
2017-09-28 18:22:31	1506615751	318	0	5	10	0	500	2000
2017-09-28 18:22:32	1506615752	662	0	5	10	0	500	2000
2017-09-28 18:22:33	1506615753	317	0	5	10	0	500	2000
2017-09-28 18:22:34	1506615754	314	0	5	10	0	500	2000
2017-09-28 18:22:35	1506615755	447	0	5	10	0	500	2000
2017-09-28 18:22:36	1506615756	635	0	5	10	0	500	2000
2017-09-28 18:22:37	1506615757	314	0	5	10	0	500	2000
2017-09-28 18:22:38	1506615758	371	0	5	10	0	500	2000
2017-09-28 18:22:39	1506615759	403	0	5	10	0	500	2000
2017-09-28 18:22:40	1506615760	319	911	5	10	0	500	2000
2017-09-28 18:22:41	1506615761	311	1023	5	10	0	500	2000
2017-09-28 18:22:42	1506615762	452	1023	5	10	0	500	2000
2017-09-28 18:22:43	1506615763	315	1023	5	10	0	500	2000
2017-09-28 18:22:44	1506615764	311	1023	5	10	0	500	2000
2017-09-28 18:22:45	1506615765	526	1023	5	10	0	500	2000
2017-09-28 18:22:46	1506615766	316	1023	5	10	0	500	2000
2017-09-28 18:22:47	1506615767	315	1023	5	10	0	500	2000
2017-09-28 18:22:48	1506615768	313	1023	5	10	0	500	2000
2017-09-28 18:22:49	1506615769	394	1023	5	10	0	500	2000
2017-09-28 18:22:50	1506615770	556	1023	5	10	0	500	2000
2017-09-28 18:22:51	1506615771	387	1023	5	10	0	500	2000
2017-09-28 18:22:52	1506615772	530	1023	5	10	0	500	2000
2017-09-28 18:22:53	1506615773	328	1023	5	10	0	500	2000
2017-09-28 18:22:54	1506615774	512	1023	5	10	0	500	2000
2017-09-28 18:22:55	1506615775	545	1023	5	10	0	500	2000
2017-09-28 18:22:56	1506615776	486	1023	5	10	0	500	2000
2017-09-28 18:22:57	1506615777	524	1023	5	10	0	500	2000
2017-09-28 18:22:58	1506615778	489	1023	5	10	0	500	2000
2017-09-28 18:22:59	1506615779	524	1023	5	10	0	500	2000
2017-09-28 18:23:00	1506615780	400	1023	5	10	0	500	2000
2017-09-28 18:23:01	1506615781	342	1023	5	10	0	500	2000
2017-09-28 18:23:02	1506615782	561	1023	5	10	0	500	2000
2017-09-28 18:23:03	1506615783	401	1023	5	10	0	500	2000
2017-09-28 18:23:04	1506615784	413	1023	5	10	0	500	2000
2017-09-28 18:23:05	1506615785	427	1023	5	10	0	500	2000
2017-09-28 18:23:06	1506615786	342	1023	5	10	0	500	2000
2017-09-28 18:23:07	1506615787	487	1023	5	10	0	500	2000
2017-09-28 18:23:08	1506615788	359	1023	5	10	0	500	2000
2017-09-28 18:23:09	1506615789	352	1023	5	10	0	500	2000
2017-09-28 18:23:10	1506615790	324	1023	5	10	0	500	2000
2017-09-28 18:23:11	1506615791	488	1023	5	10	0	500	2000
2017-09-28 18:23:12	1506615792	443	1023	5	10	0	500	2000
2017-09-28 18:23:13	1506615793	504	1023	5	10	0	500	2000
2017-09-28 18:23:14	1506615794	633	1023	5	10	0	500	2000
2017-09-28 18:23:15	1506615795	443	1023	5	10	0	500	2000
2017-09-28 18:23:16	1506615796	360	1023	5	10	0	500	2000
2017-09-28 18:23:17	1506615797	494	1023	5	10	0	500	2000
2017-09-28 18:23:18	1506615798	645	1023	5	10	0	500	2000
2017-09-28 18:23:19	1506615799	382	1023	5	10	0	500	2000
2017-09-28 18:23:20	1506615800	670	1023	5	10	0	500	2000
2017-09-28 18:23:21	1506615801	543	1023	5	10	0	500	2000
2017-09-28 18:23:22	1506615802	467	1023	5	10	0	500	2000
2017-09-28 18:23:23	1506615803	624	1023	5	10	0	500	2000
2017-09-28 18:23:24	1506615804	716	1023	5	10	0	500	2000
2017-09-28 18:23:25	1506615805	655	1023	5	10	0	500	2000
2017-09-28 18:23:26	1506615806	487	1023	5	10	0	500	2000
2017-09-28 18:23:27	1506615807	333	1023	5	10	0	500	2000
2017-09-28 18:23:28	1506615808	444	1023	5	10	0	500	2000
2017-09-28 18:23:29	1506615809	426	1023	5	10	0	500	2000
2017-09-28 18:23:30	1506615810	588	1023	5	10	0	500	2000
2017-09-28 18:23:31	1506615811	437	1023	5	10	0	500	2000
2017-09-28 18:23:32	1506615812	336	1023	5	10	0	500	2000
2017-09-28 18:23:33	1506615813	654	1023	5	10	0	500	2000
2017-09-28 18:23:34	1506615814	415	1023	5	10	0	500	2000
2017-09-28 18:23:35	1506615815	488	1023	5	10	0	500	2000
2017-09-28 18:23:36	1506615816	332	1023	5	10	0	500	2000
2017-09-28 18:23:37	1506615817	491	1023	5	10	0	500	2000
2017-09-28 18:23:38	1506615818	398	1023	5	10	0	500	2000
2017-09-28 18:23:39	1506615819	372	1023	5	10	0	500	2000
2017-09-28 18:23:40	1506615820	384	1023	5	10	0	500	2000
2017-09-28 18:23:41	1506615821	672	1023	5	10	0	500	2000
2017-09-28 18:23:42	1506615822	446	1023	5	10	0	500	2000
2017-09-28 18:23:43	1506615823	463	1023	5	10	0	500	2000
2017-09-28 18:23:44	1506615824	713	1023	5	10	0	500	2000
2017-09-28 18:23:45	1506615825	620	1023	5	10	0	500	2000
2017-09-28 18:23:46	1506615826	499	1023	5	10	0	500	2000
2017-09-28 18:23:47	1506615827	511	1023	5	10	0	500	2000
2017-09-28 18:23:48	1506615828	479	1023	5	10	0	500	2000
2017-09-28 18:23:49	1506615829	689	1023	5	10	0	500	2000
2017-09-28 18:23:50	1506615830	477	1023	5	10	0	500	2000
2017-09-28 18:23:51	1506615831	625	1023	5	10	0	500	2000
2017-09-28 18:23:52	1506615832	432	1023	5	10	0	500	2000
2017-09-28 18:23:53	1506615833	532	1023	5	10	0	500	2000
2017-09-28 18:23:54	1506615834	407	1023	5	10	0	500	2000
2017-09-28 18:23:55	1506615835	311	1023	5	10	0	500	2000
2017-09-28 18:24:00	1506615840	787	0	5	0	0	500	200
2017-09-28 18:24:01	1506615841	701	0	5	0	0	500	200
2017-09-28 18:24:02	1506615842	699	5	5	0	0	500	200
2017-09-28 18:24:03	1506615843	732	0	5	0	0	500	200
2017-09-28 18:24:04	1506615844	750	0	5	0	0	500	200
2017-09-28 18:24:05	1506615845	741	0	5	0	0	500	200
2017-09-28 18:24:06	1506615846	798	0	5	0	0	500	200
2017-09-28 18:24:07	1506615847	741	0	5	0	0	500	200
2017-09-28 18:24:08	1506615848	708	0	5	0	0	500	200
2017-09-28 18:24:09	1506615849	734	0	5	0	0	500	200
2017-09-28 18:24:10	1506615850	616	420	5	0	0	500	200
2017-09-28 18:24:11	1506615851	666	170	5	0	0	500	200
2017-09-28 18:24:12	1506615852	705	0	5	0	0	500	200
2017-09-28 18:24:13	1506615853	639	305	5	0	0	500	200
2017-09-28 18:24:14	1506615854	804	0	5	0	0	500	200
2017-09-28 18:24:15	1506615855	716	0	5	0	0	500	200
2017-09-28 18:24:16	1506615856	777	0	5	0	0	500	200
2017-09-28 18:24:17	1506615857	787	0	5	0	0	500	200
2017-09-28 18:24:18	1506615858	794	0	5	0	0	500	200
2017-09-28 18:24:19	1506615859	774	0	5	0	0	500	200
2017-09-28 18:24:20	1506615860	793	0	5	0	0	500	200
2017-09-28 18:24:21	1506615861	817	0	5	0	0	500	200
2017-09-28 18:24:22	1506615862	763	0	5	0	0	500	200
2017-09-28 18:24:23	1506615863	826	0	5	0	0	500	200
2017-09-28 18:24:24	1506615864	809	0	5	0	0	500	200
2017-09-28 18:24:25	1506615865	800	0	5	0	0	500	200
2017-09-28 18:24:26	1506615866	814	0	5	0	0	500	200
2017-09-28 18:24:27	1506615867	829	0	5	0	0	500	200
2017-09-28 18:24:28	1506615868	811	0	5	0	0	500	200
2017-09-28 18:24:29	1506615869	821	0	5	0	0	500	200
2017-09-28 18:24:30	1506615870	816	0	5	0	0	500	200
2017-09-28 18:24:31	1506615871	809	0	5	0	0	500	200
2017-09-28 18:24:32	1506615872	816	0	5	0	0	500	200
2017-09-28 18:24:33	1506615873	826	0	5	0	0	500	200
2017-09-28 18:24:34	1506615874	808	0	5	0	0	500	200
2017-09-28 18:24:35	1506615875	806	0	5	0	0	500	200
2017-09-28 18:24:36	1506615876	822	0	5	0	0	500	200
2017-09-28 18:24:37	1506615877	816	0	5	0	0	500	200
2017-09-28 18:24:38	1506615878	828	0	5	0	0	500	200
2017-09-28 18:24:39	1506615879	804	0	5	0	0	500	200
2017-09-28 18:24:40	1506615880	794	0	5	0	0	500	200
2017-09-28 18:24:41	1506615881	811	0	5	0	0	500	200
2017-09-28 18:24:42	1506615882	806	0	5	0	0	500	200
2017-09-28 18:24:43	1506615883	811	0	5	0	0	500	200
2017-09-28 18:24:44	1506615884	804	0	5	0	0	500	200
2017-09-28 18:24:45	1506615885	817	0	5	0	0	500	200
2017-09-28 18:24:46	1506615886	806	0	5	0	0	500	200
2017-09-28 18:24:47	1506615887	826	0	5	0	0	500	200
2017-09-28 18:24:48	1506615888	824	0	5	0	0	500	200
2017-09-28 18:24:49	1506615889	796	0	5	0	0	500	200
2017-09-28 18:24:50	1506615890	796	0	5	0	0	500	200
2017-09-28 18:24:51	1506615891	816	0	5	0	0	500	200
2017-09-28 18:24:52	1506615892	810	0	5	0	0	500	200
2017-09-28 18:24:53	1506615893	788	0	5	0	0	500	200
2017-09-28 18:24:54	1506615894	814	0	5	0	0	500	200
2017-09-28 18:24:55	1506615895	825	0	5	0	0	500	200
2017-09-28 18:24:56	1506615896	816	0	5	0	0	500	200
2017-09-28 18:24:57	1506615897	800	0	5	0	0	500	200
2017-09-28 18:24:58	1506615898	790	0	5	0	0	500	200
2017-09-28 18:24:59	1506615899	793	0	5	0	0	500	200
2017-09-28 18:25:00	1506615900	806	0	5	0	0	500	200
2017-09-28 18:25:01	1506615901	827	0	5	0	0	500	200
2017-09-28 18:25:02	1506615902	796	0	5	0	0	500	200
2017-09-28 18:25:03	1506615903	800	0	5	0	0	500	200
2017-09-28 18:25:04	1506615904	792	0	5	0	0	500	200
2017-09-28 18:25:05	1506615905	788	0	5	0	0	500	200
2017-09-28 18:25:06	1506615906	809	0	5	0	0	500	200
2017-09-28 18:25:07	1506615907	806	0	5	0	0	500	200
2017-09-28 18:25:08	1506615908	806	0	5	0	0	500	200
2017-09-28 18:25:09	1506615909	797	0	5	0	0	500	200
2017-09-28 18:25:10	1506615910	776	0	5	0	0	500	200
2017-09-28 18:25:11	1506615911	764	0	5	0	0	500	200
2017-09-28 18:25:12	1506615912	713	0	5	0	0	500	200
2017-09-28 18:25:13	1506615913	576	620	5	0	0	500	200
2017-09-28 18:25:14	1506615914	319	1023	5	0	0	500	200
2017-09-28 18:25:15	1506615915	668	160	5	0	0	500	200
2017-09-28 18:25:16	1506615916	618	410	5	0	0	500	200
2017-09-28 18:25:17	1506615917	462	1023	5	0	0	500	200
2017-09-28 18:25:18	1506615918	631	345	5	0	0	500	200
2017-09-28 18:25:19	1506615919	636	320	5	0	0	500	200
2017-09-28 18:25:20	1506615920	688	60	5	0	0	500	200
2017-09-28 18:25:21	1506615921	332	1023	5	0	0	500	200
2017-09-28 18:25:22	1506615922	345	1023	5	0	0	500	200
2017-09-28 18:25:23	1506615923	368	1023	5	0	0	500	200
2017-09-28 18:25:24	1506615924	434	1023	5	0	0	500	200
2017-09-28 18:25:25	1506615925	348	1023	5	0	0	500	200
2017-09-28 18:25:26	1506615926	669	155	5	0	0	500	200
2017-09-28 18:25:27	1506615927	621	395	5	0	0	500	200
2017-09-28 18:25:28	1506615928	444	1023	5	0	0	500	200
2017-09-28 18:25:29	1506615929	680	100	5	0	0	500	200
2017-09-28 18:25:30	1506615930	472	1023	5	0	0	500	200
2017-09-28 18:25:31	1506615931	375	1023	5	0	0	500	200
2017-09-28 18:25:32	1506615932	704	0	5	0	0	500	200
2017-09-28 18:25:33	1506615933	705	0	5	0	0	500	200
2017-09-28 18:25:34	1506615934	484	1023	5	0	0	500	200
2017-09-28 18:25:35	1506615935	698	10	5	0	0	500	200
2017-09-28 18:25:36	1506615936	472	1023	5	0	0	500	200
2017-09-28 18:25:37	1506615937	690	50	5	0	0	500	200
2017-09-28 18:25:38	1506615938	592	540	5	0	0	500	200
2017-09-28 18:25:39	1506615939	726	0	5	0	0	500	200
2017-09-28 18:25:40	1506615940	338	1023	5	0	0	500	200
2017-09-28 18:25:41	1506615941	436	1023	5	0	0	500	200
2017-09-28 18:25:42	1506615942	656	220	5	0	0	500	200
2017-09-28 18:25:43	1506615943	518	910	5	0	0	500	200
2017-09-28 18:25:44	1506615944	507	965	5	0	0	500	200
2017-09-28 18:25:45	1506615945	311	1023	5	0	0	500	200
2017-09-28 18:25:46	1506615946	316	1023	5	0	0	500	200
2017-09-28 18:25:47	1506615947	314	1023	5	0	0	500	200
2017-09-28 18:25:48	1506615948	310	1023	5	0	0	500	200
2017-09-28 18:25:49	1506615949	310	1023	5	0	0	500	200
2017-09-28 18:25:50	1506615950	404	1023	5	0	0	500	200
2017-09-28 18:25:51	1506615951	314	1023	5	0	0	500	200
2017-09-28 18:25:52	1506615952	459	1023	5	0	0	500	200
2017-09-28 18:25:53	1506615953	420	1023	5	0	0	500	200
2017-09-28 18:25:54	1506615954	312	1023	5	0	0	500	200
2017-09-28 18:25:55	1506615955	470	1023	5	0	0	500	200
2017-09-28 18:25:56	1506615956	370	1023	5	0	0	500	200
2017-09-28 18:25:57	1506615957	618	410	5	0	0	500	200
2017-09-28 18:25:58	1506615958	381	1023	5	0	0	500	200
2017-09-28 18:25:59	1506615959	310	1023	5	0	0	500	200
2017-09-28 18:26:00	1506615960	377	1023	5	0	0	500	200
2017-09-28 18:26:01	1506615961	617	415	5	0	0	500	200
2017-09-28 18:26:02	1506615962	332	1023	5	0	0	500	200
2017-09-28 18:26:03	1506615963	680	100	5	0	0	500	200
2017-09-28 18:26:04	1506615964	683	85	5	0	0	500	200
2017-09-28 18:26:05	1506615965	751	0	5	0	0	500	200
2017-09-28 18:26:06	1506615966	784	0	5	0	0	500	200
2017-09-28 18:26:07	1506615967	795	0	5	0	0	500	200
2017-09-28 18:26:08	1506615968	796	0	5	0	0	500	200
2017-09-28 18:26:09	1506615969	822	0	5	0	0	500	200
2017-09-28 18:26:10	1506615970	824	0	5	0	0	500	200
2017-09-28 18:26:11	1506615971	822	0	5	0	0	500	200
2017-09-28 18:26:12	1506615972	807	0	5	0	0	500	200
2017-09-28 18:26:13	1506615973	816	0	5	0	0	500	200
2017-09-28 18:26:14	1506615974	817	0	5	0	0	500	200
2017-09-28 18:26:15	1506615975	815	0	5	0	0	500	200
2017-09-28 18:26:16	1506615976	828	0	5	0	0	500	200
2017-09-28 18:26:17	1506615977	808	0	5	0	0	500	200
2017-09-28 18:26:18	1506615978	750	0	5	0	0	500	200
2017-09-28 18:26:19	1506615979	814	0	5	0	0	500	200
2017-09-28 18:26:20	1506615980	797	0	5	0	0	500	200
2017-09-28 18:26:21	1506615981	796	0	5	0	0	500	200
2017-09-28 18:26:22	1506615982	802	0	5	0	0	500	200
2017-09-28 18:26:23	1506615983	819	0	5	0	0	500	200
2017-09-28 18:26:24	1506615984	782	0	5	0	0	500	200
2017-09-28 18:26:25	1506615985	727	0	5	0	0	500	200
2017-09-28 18:26:26	1506615986	806	0	5	0	0	500	200
2017-09-28 18:26:27	1506615987	545	775	5	0	0	500	200
2017-09-28 18:26:28	1506615988	723	0	5	0	0	500	200
2017-09-28 18:26:29	1506615989	717	0	5	0	0	500	200
2017-09-28 18:26:30	1506615990	634	330	5	0	0	500	200
2017-09-28 18:26:31	1506615991	311	1023	5	0	0	500	200
2017-09-28 18:26:32	1506615992	454	1023	5	0	0	500	200
2017-09-28 18:26:33	1506615993	374	1023	5	0	0	500	200
2017-09-28 18:26:34	1506615994	363	1023	5	0	0	500	200
2017-09-28 18:26:35	1506615995	382	1023	5	0	0	500	200
2017-09-28 18:26:36	1506615996	533	835	5	0	0	500	200
2017-09-28 18:26:37	1506615997	441	1023	5	0	0	500	200
2017-09-28 18:26:38	1506615998	328	1023	5	0	0	500	200
2017-09-28 18:26:39	1506615999	331	1023	5	0	0	500	200
2017-09-28 18:26:40	1506616000	419	1023	5	0	0	500	200
2017-09-28 18:26:41	1506616001	371	1023	5	0	0	500	200
2017-09-28 18:26:42	1506616002	409	1023	5	0	0	500	200
2017-09-28 18:26:43	1506616003	387	1023	5	0	0	500	200
2017-09-28 18:26:44	1506616004	310	1023	5	0	0	500	200
2017-09-28 18:26:45	1506616005	313	1023	5	0	0	500	200
2017-09-28 18:26:46	1506616006	311	1023	5	0	0	500	200
2017-09-28 18:26:47	1506616007	373	1023	5	0	0	500	200
2017-09-28 18:26:48	1506616008	421	1023	5	0	0	500	200
2017-09-28 18:26:49	1506616009	310	1023	5	0	0	500	200
2017-09-28 18:26:50	1506616010	668	160	5	0	0	500	200
2017-09-28 18:26:51	1506616011	569	655	5	0	0	500	200
2017-09-28 18:26:52	1506616012	736	0	5	0	0	500	200
2017-09-28 18:26:53	1506616013	762	0	5	0	0	500	200
2017-09-28 18:26:54	1506616014	787	0	5	0	0	500	200
2017-09-28 18:26:55	1506616015	810	0	5	0	0	500	200
2017-09-28 18:26:56	1506616016	769	0	5	0	0	500	200
2017-09-28 18:26:57	1506616017	785	0	5	0	0	500	200
2017-09-28 18:26:58	1506616018	790	0	5	0	0	500	200
2017-09-28 18:26:59	1506616019	797	0	5	0	0	500	200
2017-09-28 18:27:00	1506616020	813	0	5	0	0	500	200
2017-09-28 18:27:01	1506616021	790	0	5	0	0	500	200
2017-09-28 18:27:02	1506616022	806	0	5	0	0	500	200
2017-09-28 18:27:03	1506616023	824	0	5	0	0	500	200
2017-09-28 18:27:04	1506616024	791	0	5	0	0	500	200
2017-09-28 18:27:05	1506616025	825	0	5	0	0	500	200
2017-09-28 18:27:06	1506616026	820	0	5	0	0	500	200
2017-09-28 18:27:07	1506616027	819	0	5	0	0	500	200
2017-09-28 18:27:08	1506616028	798	0	5	0	0	500	200
2017-09-28 18:27:09	1506616029	808	0	5	0	0	500	200
2017-09-28 18:27:10	1506616030	820	0	5	0	0	500	200
2017-09-28 18:27:11	1506616031	804	0	5	0	0	500	200
2017-09-28 18:27:12	1506616032	800	0	5	0	0	500	200
2017-09-28 18:27:13	1506616033	828	0	5	0	0	500	200
2017-09-28 18:27:14	1506616034	825	0	5	0	0	500	200
2017-09-28 18:27:15	1506616035	801	0	5	0	0	500	200
2017-09-28 18:27:16	1506616036	815	0	5	0	0	500	200
2017-09-28 18:27:17	1506616037	808	0	5	0	0	500	200
2017-09-28 18:27:18	1506616038	816	0	5	0	0	500	200
2017-09-28 18:27:19	1506616039	816	0	5	0	0	500	200
2017-09-28 18:27:20	1506616040	828	0	5	0	0	500	200
2017-09-28 18:27:21	1506616041	802	0	5	0	0	500	200
2017-09-28 18:27:22	1506616042	809	0	5	0	0	500	200
2017-09-28 18:27:23	1506616043	826	0	5	0	0	500	200
2017-09-28 18:27:24	1506616044	826	0	5	0	0	500	200
2017-09-28 18:27:25	1506616045	828	0	5	0	0	500	200
2017-09-28 18:27:26	1506616046	816	0	5	0	0	500	200
2017-09-28 18:27:27	1506616047	827	0	5	0	0	500	200
2017-09-28 18:27:28	1506616048	814	0	5	0	0	500	200
2017-09-28 18:27:29	1506616049	827	0	5	0	0	500	200
2017-09-28 18:27:30	1506616050	807	0	5	0	0	500	200
2017-09-28 18:27:31	1506616051	800	0	5	0	0	500	200
2017-09-28 18:27:32	1506616052	784	0	5	0	0	500	200
2017-09-28 18:27:33	1506616053	767	0	5	0	0	500	200
2017-09-28 18:27:34	1506616054	757	0	5	0	0	500	200
2017-09-28 18:27:35	1506616055	606	470	5	0	0	500	200
2017-09-28 18:27:36	1506616056	416	1023	5	0	0	500	200
2017-09-28 18:27:37	1506616057	649	255	5	0	0	500	200
2017-09-28 18:27:38	1506616058	694	30	5	0	0	500	200
2017-09-28 18:27:39	1506616059	630	350	5	0	0	500	200
2017-09-28 18:27:40	1506616060	658	210	5	0	0	500	200
2017-09-28 18:27:41	1506616061	467	1023	5	0	0	500	200
2017-09-28 18:27:42	1506616062	476	1023	5	0	0	500	200
2017-09-28 18:27:43	1506616063	315	1023	5	0	0	500	200
2017-09-28 18:27:44	1506616064	319	1023	5	0	0	500	200
2017-09-28 18:27:45	1506616065	403	1023	5	0	0	500	200
2017-09-28 18:27:46	1506616066	591	545	5	0	0	500	200
2017-09-28 18:27:47	1506616067	375	1023	5	0	0	500	200
2017-09-28 18:27:48	1506616068	352	1023	5	0	0	500	200
2017-09-28 18:27:49	1506616069	394	1023	5	0	0	500	200
2017-09-28 18:27:50	1506616070	357	1023	5	0	0	500	200
2017-09-28 18:27:51	1506616071	324	1023	5	0	0	500	200
2017-09-28 18:27:52	1506616072	451	1023	5	0	0	500	200
2017-09-28 18:27:53	1506616073	405	1023	5	0	0	500	200
2017-09-28 18:27:54	1506616074	359	1023	5	0	0	500	200
2017-09-28 18:27:55	1506616075	443	1023	5	0	0	500	200
2017-09-28 18:27:56	1506616076	446	1023	5	0	0	500	200
2017-09-28 18:27:57	1506616077	593	535	5	0	0	500	200
2017-09-28 18:27:58	1506616078	630	350	5	0	0	500	200
2017-09-28 18:27:59	1506616079	401	1023	5	0	0	500	200
2017-09-28 18:28:00	1506616080	372	1023	5	0	0	500	200
2017-09-28 18:28:01	1506616081	332	1023	5	0	0	500	200
2017-09-28 18:28:02	1506616082	331	1023	5	0	0	500	200
2017-09-28 18:28:03	1506616083	327	1023	5	0	0	500	200
2017-09-28 18:28:04	1506616084	322	1023	5	0	0	500	200
2017-09-28 18:28:05	1506616085	497	1015	5	0	0	500	200
2017-09-28 18:28:06	1506616086	478	1023	5	0	0	500	200
2017-09-28 18:28:07	1506616087	433	1023	5	0	0	500	200
2017-09-28 18:28:08	1506616088	312	1023	5	0	0	500	200
2017-09-28 18:28:09	1506616089	323	1023	5	0	0	500	200
2017-09-28 18:28:10	1506616090	500	1000	5	0	0	500	200
2017-09-28 18:28:11	1506616091	322	1023	5	0	0	500	200
2017-09-28 18:28:12	1506616092	328	1023	5	0	0	500	200
2017-09-28 18:28:13	1506616093	316	1023	5	0	0	500	200
2017-09-28 18:28:14	1506616094	686	70	5	0	0	500	200
2017-09-28 18:28:15	1506616095	388	1023	5	0	0	500	200
2017-09-28 18:28:16	1506616096	661	195	5	0	0	500	200
2017-09-28 18:28:17	1506616097	347	1023	5	0	0	500	200
2017-09-28 18:28:18	1506616098	543	785	5	0	0	500	200
2017-09-28 18:28:19	1506616099	671	145	5	0	0	500	200
2017-09-28 18:28:20	1506616100	322	1023	5	0	0	500	200
2017-09-28 18:28:21	1506616101	603	485	5	0	0	500	200
2017-09-28 18:28:22	1506616102	343	1023	5	0	0	500	200
2017-09-28 18:28:23	1506616103	330	1023	5	0	0	500	200
2017-09-28 18:28:24	1506616104	637	315	5	0	0	500	200
2017-09-28 18:28:25	1506616105	348	1023	5	0	0	500	200
2017-09-28 18:28:26	1506616106	469	1023	5	0	0	500	200
2017-09-28 18:28:27	1506616107	432	1023	5	0	0	500	200
2017-09-28 18:28:28	1506616108	375	1023	5	0	0	500	200
2017-09-28 18:28:29	1506616109	529	855	5	0	0	500	200
2017-09-28 18:28:30	1506616110	314	1023	5	0	0	500	200
2017-09-28 18:28:31	1506616111	310	1023	5	0	0	500	200
2017-09-28 18:28:32	1506616112	410	1023	5	0	0	500	200
2017-09-28 18:28:33	1506616113	311	1023	5	0	0	500	200
2017-09-28 18:28:34	1506616114	457	1023	5	0	0	500	200
2017-09-28 18:28:35	1506616115	665	175	5	0	0	500	200
2017-09-28 18:28:36	1506616116	319	1023	5	0	0	500	200
2017-09-28 18:28:37	1506616117	310	1023	5	0	0	500	200
2017-09-28 18:28:38	1506616118	371	1023	5	0	0	500	200
2017-09-28 18:28:39	1506616119	429	1023	5	0	0	500	200
2017-09-28 18:28:40	1506616120	438	1023	5	0	0	500	200
2017-09-28 18:28:41	1506616121	581	595	5	0	0	500	200
2017-09-28 18:28:42	1506616122	326	1023	5	0	0	500	200
2017-09-28 18:28:43	1506616123	512	940	5	0	0	500	200
2017-09-28 18:28:44	1506616124	663	185	5	0	0	500	200
2017-09-28 18:28:45	1506616125	776	0	5	0	0	500	200
2017-09-28 18:28:46	1506616126	782	0	5	0	0	500	200
2017-09-28 18:28:47	1506616127	672	140	5	0	0	500	200
2017-09-28 18:28:48	1506616128	768	0	5	0	0	500	200
2017-09-28 18:28:49	1506616129	755	0	5	0	0	500	200
2017-09-28 18:28:50	1506616130	730	0	5	0	0	500	200
2017-09-28 18:28:51	1506616131	777	0	5	0	0	500	200
2017-09-28 18:28:52	1506616132	827	0	5	0	0	500	200
2017-09-28 18:28:53	1506616133	796	0	5	0	0	500	200
2017-09-28 18:28:54	1506616134	794	0	5	0	0	500	200
2017-09-28 18:28:55	1506616135	764	0	5	0	0	500	200
2017-09-28 18:28:56	1506616136	812	0	5	0	0	500	200
2017-09-28 18:28:57	1506616137	809	0	5	0	0	500	200
2017-09-28 18:28:58	1506616138	821	0	5	0	0	500	200
2017-09-28 18:28:59	1506616139	814	0	5	0	0	500	200
2017-09-28 18:29:00	1506616140	829	0	5	0	0	500	200
2017-09-28 18:29:01	1506616141	816	0	5	0	0	500	200
2017-09-28 18:29:02	1506616142	830	0	5	0	0	500	200
2017-09-28 18:29:03	1506616143	828	0	5	0	0	500	200
2017-09-28 18:29:04	1506616144	795	0	5	0	0	500	200
2017-09-28 18:29:05	1506616145	817	0	5	0	0	500	200
2017-09-28 18:29:06	1506616146	829	0	5	0	0	500	200
2017-09-28 18:29:07	1506616147	823	0	5	0	0	500	200
2017-09-28 18:29:08	1506616148	797	0	5	0	0	500	200
2017-09-28 18:29:09	1506616149	812	0	5	0	0	500	200
2017-09-28 18:29:10	1506616150	803	0	5	0	0	500	200
2017-09-28 18:29:11	1506616151	801	0	5	0	0	500	200
2017-09-28 18:29:12	1506616152	817	0	5	0	0	500	200
2017-09-28 18:29:13	1506616153	803	0	5	0	0	500	200
2017-09-28 18:29:14	1506616154	775	0	5	0	0	500	200
2017-09-28 18:29:15	1506616155	749	0	5	0	0	500	200
2017-09-28 18:29:16	1506616156	556	720	5	0	0	500	200
2017-09-28 18:29:17	1506616157	501	995	5	0	0	500	200
2017-09-28 18:29:18	1506616158	785	0	5	0	0	500	200
2017-09-28 18:29:19	1506616159	706	0	5	0	0	500	200
2017-09-28 18:29:20	1506616160	332	1023	5	0	0	500	200
2017-09-28 18:29:21	1506616161	536	820	5	0	0	500	200
2017-09-28 18:29:22	1506616162	442	1023	5	0	0	500	200
2017-09-28 18:29:23	1506616163	399	1023	5	0	0	500	200
2017-09-28 18:29:24	1506616164	336	1023	5	0	0	500	200
2017-09-28 18:29:25	1506616165	377	1023	5	0	0	500	200
2017-09-28 18:29:26	1506616166	315	1023	5	0	0	500	200
2017-09-28 18:29:27	1506616167	404	1023	5	0	0	500	200
2017-09-28 18:29:28	1506616168	381	1023	5	0	0	500	200
2017-09-28 18:29:29	1506616169	487	1023	5	0	0	500	200
2017-09-28 18:29:30	1506616170	432	1023	5	0	0	500	200
2017-09-28 18:29:31	1506616171	490	1023	5	0	0	500	200
2017-09-28 18:29:32	1506616172	561	695	5	0	0	500	200
2017-09-28 18:29:33	1506616173	525	875	5	0	0	500	200
2017-09-28 18:29:34	1506616174	493	1023	5	0	0	500	200
2017-09-28 18:29:35	1506616175	387	1023	5	0	0	500	200
2017-09-28 18:29:36	1506616176	496	1020	5	0	0	500	200
2017-09-28 18:29:37	1506616177	395	1023	5	0	0	500	200
2017-09-28 18:29:38	1506616178	595	525	5	0	0	500	200
2017-09-28 18:29:39	1506616179	315	1023	5	0	0	500	200
2017-09-28 18:29:40	1506616180	315	1023	5	0	0	500	200
2017-09-28 18:29:41	1506616181	312	1023	5	0	0	500	200
2017-09-28 18:29:42	1506616182	368	1023	5	0	0	500	200
2017-09-28 18:29:43	1506616183	623	385	5	0	0	500	200
2017-09-28 18:29:44	1506616184	318	1023	5	0	0	500	200
2017-09-28 18:29:45	1506616185	347	1023	5	0	0	500	200
2017-09-28 18:29:46	1506616186	314	1023	5	0	0	500	200
2017-09-28 18:29:47	1506616187	310	1023	5	0	0	500	200
2017-09-28 18:29:48	1506616188	672	140	5	0	0	500	200
2017-09-28 18:29:49	1506616189	591	545	5	0	0	500	200
2017-09-28 18:29:50	1506616190	312	1023	5	0	0	500	200
2017-09-28 18:29:51	1506616191	449	1023	5	0	0	500	200
2017-09-28 18:29:52	1506616192	312	1023	5	0	0	500	200
2017-09-28 18:29:53	1506616193	321	1023	5	0	0	500	200
2017-09-28 18:29:54	1506616194	314	1023	5	0	0	500	200
2017-09-28 18:29:55	1506616195	310	1023	5	0	0	500	200
2017-09-28 18:29:56	1506616196	324	1023	5	0	0	500	200
2017-09-28 18:29:57	1506616197	389	1023	5	0	0	500	200
2017-09-28 18:29:58	1506616198	338	1023	5	0	0	500	200
2017-09-28 18:29:59	1506616199	330	1023	5	0	0	500	200
2017-09-28 18:30:00	1506616200	312	1023	5	0	0	500	200
2017-09-28 18:30:01	1506616201	428	1023	5	0	0	500	200
2017-09-28 18:30:02	1506616202	407	1023	5	0	0	500	200
2017-09-28 18:30:03	1506616203	345	1023	5	0	0	500	200
2017-09-28 18:30:04	1506616204	320	1023	5	0	0	500	200
2017-09-28 18:30:05	1506616205	311	1023	5	0	0	500	200
2017-09-28 18:30:06	1506616206	538	810	5	0	0	500	200
2017-09-28 18:30:07	1506616207	379	1023	5	0	0	500	200
2017-09-28 18:30:08	1506616208	360	1023	5	0	0	500	200
2017-09-28 18:30:09	1506616209	510	950	5	0	0	500	200
2017-09-28 18:30:10	1506616210	334	1023	5	0	0	500	200
2017-09-28 18:30:11	1506616211	458	1023	5	0	0	500	200
2017-09-28 18:30:12	1506616212	346	1023	5	0	0	500	200
2017-09-28 18:30:13	1506616213	448	1023	5	0	0	500	200
2017-09-28 18:30:14	1506616214	456	1023	5	0	0	500	200
2017-09-28 18:30:15	1506616215	430	1023	5	0	0	500	200
2017-09-28 18:30:16	1506616216	508	960	5	0	0	500	200
2017-09-28 18:30:17	1506616217	500	1000	5	0	0	500	200
2017-09-28 18:30:18	1506616218	466	1023	5	0	0	500	200
2017-09-28 18:30:19	1506616219	381	1023	5	0	0	500	200
2017-09-28 18:30:20	1506616220	374	1023	5	0	0	500	200
2017-09-28 18:30:21	1506616221	380	1023	5	0	0	500	200
2017-09-28 18:30:22	1506616222	376	1023	5	0	0	500	200
2017-09-28 18:30:23	1506616223	469	1023	5	0	0	500	200
2017-09-28 18:30:24	1506616224	322	1023	5	0	0	500	200
2017-09-28 18:30:25	1506616225	615	425	5	0	0	500	200
2017-09-28 18:30:26	1506616226	439	1023	5	0	0	500	200
2017-09-28 18:30:27	1506616227	756	0	5	0	0	500	200
2017-09-28 18:30:28	1506616228	737	0	5	0	0	500	200
2017-09-28 18:30:29	1506616229	775	0	5	0	0	500	200
2017-09-28 18:30:30	1506616230	767	0	5	0	0	500	200
2017-09-28 18:30:31	1506616231	742	0	5	0	0	500	200
2017-09-28 18:30:32	1506616232	774	0	5	0	0	500	200
2017-09-28 18:30:33	1506616233	798	0	5	0	0	500	200
2017-09-28 18:30:34	1506616234	805	0	5	0	0	500	200
2017-09-28 18:30:35	1506616235	796	0	5	0	0	500	200
2017-09-28 18:30:36	1506616236	824	0	5	0	0	500	200
2017-09-28 18:30:37	1506616237	811	0	5	0	0	500	200
2017-09-28 18:30:38	1506616238	810	0	5	0	0	500	200
2017-09-28 18:30:39	1506616239	822	0	5	0	0	500	200
2017-09-28 18:30:40	1506616240	825	0	5	0	0	500	200
2017-09-28 18:30:41	1506616241	803	0	5	0	0	500	200
2017-09-28 18:30:42	1506616242	824	0	5	0	0	500	200
2017-09-28 18:30:43	1506616243	826	0	5	0	0	500	200
2017-09-28 18:30:44	1506616244	828	0	5	0	0	500	200
2017-09-28 18:30:45	1506616245	828	0	5	0	0	500	200
2017-09-28 18:30:46	1506616246	828	0	5	0	0	500	200
2017-09-28 18:30:47	1506616247	820	0	5	0	0	500	200
2017-09-28 18:30:48	1506616248	823	0	5	0	0	500	200
2017-09-28 18:30:49	1506616249	819	0	5	0	0	500	200
2017-09-28 18:30:50	1506616250	829	0	5	0	0	500	200
2017-09-28 18:30:51	1506616251	806	0	5	0	0	500	200
2017-09-28 18:30:52	1506616252	812	0	5	0	0	500	200
2017-09-28 18:30:53	1506616253	828	0	5	0	0	500	200
2017-09-28 18:30:54	1506616254	805	0	5	0	0	500	200
2017-09-28 18:30:55	1506616255	816	0	5	0	0	500	200
2017-09-28 18:30:56	1506616256	828	0	5	0	0	500	200
2017-09-28 18:30:57	1506616257	817	0	5	0	0	500	200
2017-09-28 18:30:58	1506616258	829	0	5	0	0	500	200
2017-09-28 18:30:59	1506616259	828	0	5	0	0	500	200
2017-09-28 18:31:00	1506616260	823	0	5	0	0	500	200
2017-09-28 18:31:01	1506616261	829	0	5	0	0	500	200
2017-09-28 18:31:02	1506616262	828	0	5	0	0	500	200
2017-09-28 18:31:03	1506616263	829	0	5	0	0	500	200
2017-09-28 18:31:04	1506616264	828	0	5	0	0	500	200
2017-09-28 18:31:05	1506616265	829	0	5	0	0	500	200
2017-09-28 18:31:06	1506616266	828	0	5	0	0	500	200
2017-09-28 18:31:07	1506616267	824	0	5	0	0	500	200
2017-09-28 18:31:08	1506616268	821	0	5	0	0	500	200
2017-09-28 18:31:09	1506616269	810	0	5	0	0	500	200
2017-09-28 18:31:10	1506616270	828	0	5	0	0	500	200
2017-09-28 18:31:11	1506616271	828	0	5	0	0	500	200
2017-09-28 18:31:12	1506616272	820	0	5	0	0	500	200
2017-09-28 18:31:13	1506616273	821	0	5	0	0	500	200
2017-09-28 18:31:14	1506616274	822	0	5	0	0	500	200
2017-09-28 18:31:15	1506616275	827	0	5	0	0	500	200
2017-09-28 18:31:16	1506616276	828	0	5	0	0	500	200
2017-09-28 18:31:17	1506616277	820	0	5	0	0	500	200
2017-09-28 18:31:18	1506616278	820	0	5	0	0	500	200
2017-09-28 18:31:19	1506616279	830	0	5	0	0	500	200
2017-09-28 18:31:20	1506616280	827	0	5	0	0	500	200
2017-09-28 18:31:21	1506616281	815	0	5	0	0	500	200
2017-09-28 18:31:22	1506616282	818	0	5	0	0	500	200
2017-09-28 18:31:23	1506616283	818	0	5	0	0	500	200
2017-09-28 18:31:24	1506616284	828	0	5	0	0	500	200
2017-09-28 18:31:25	1506616285	819	0	5	0	0	500	200
2017-09-28 18:31:26	1506616286	827	0	5	0	0	500	200
2017-09-28 18:31:27	1506616287	828	0	5	0	0	500	200
2017-09-28 18:31:28	1506616288	824	0	5	0	0	500	200
2017-09-28 18:31:29	1506616289	820	0	5	0	0	500	200
2017-09-28 18:31:30	1506616290	818	0	5	0	0	500	200
2017-09-28 18:31:31	1506616291	820	0	5	0	0	500	200
2017-09-28 18:31:32	1506616292	811	0	5	0	0	500	200
2017-09-28 18:31:33	1506616293	829	0	5	0	0	500	200
2017-09-28 18:31:34	1506616294	828	0	5	0	0	500	200
2017-09-28 18:31:35	1506616295	829	0	5	0	0	500	200
2017-09-28 18:31:36	1506616296	829	0	5	0	0	500	200
2017-09-28 18:31:37	1506616297	829	0	5	0	0	500	200
2017-09-28 18:31:38	1506616298	829	0	5	0	0	500	200
2017-09-28 18:31:39	1506616299	828	0	5	0	0	500	200
2017-09-28 18:31:40	1506616300	828	0	5	0	0	500	200
2017-09-28 18:31:41	1506616301	826	0	5	0	0	500	200
2017-09-28 18:31:42	1506616302	829	0	5	0	0	500	200
2017-09-28 18:31:43	1506616303	829	0	5	0	0	500	200
2017-09-28 18:31:44	1506616304	828	0	5	0	0	500	200
2017-09-28 18:31:45	1506616305	829	0	5	0	0	500	200
2017-09-28 18:31:46	1506616306	829	0	5	0	0	500	200
2017-09-28 18:31:47	1506616307	829	0	5	0	0	500	200
2017-09-28 18:31:48	1506616308	829	0	5	0	0	500	200
2017-09-28 18:31:49	1506616309	797	0	5	0	0	500	200
2017-09-28 18:31:50	1506616310	811	0	5	0	0	500	200
2017-09-28 18:31:51	1506616311	828	0	5	0	0	500	200
2017-09-28 18:31:52	1506616312	699	5	5	0	0	500	200
2017-09-28 18:31:53	1506616313	822	0	5	0	0	500	200
2017-09-28 18:31:54	1506616314	817	0	5	0	0	500	200
2017-09-28 18:31:55	1506616315	828	0	5	0	0	500	200
2017-09-28 18:31:56	1506616316	815	0	5	0	0	500	200
2017-09-28 18:31:57	1506616317	827	0	5	0	0	500	200
2017-09-28 18:31:58	1506616318	821	0	5	0	0	500	200
2017-09-28 18:31:59	1506616319	820	0	5	0	0	500	200
2017-09-28 18:32:00	1506616320	823	0	5	0	0	500	200
2017-09-28 18:32:01	1506616321	808	0	5	0	0	500	200
2017-09-28 18:32:02	1506616322	826	0	5	0	0	500	200
2017-09-28 18:32:03	1506616323	819	0	5	0	0	500	200
2017-09-28 18:32:04	1506616324	790	0	5	0	0	500	200
2017-09-28 18:32:05	1506616325	804	0	5	0	0	500	200
2017-09-28 18:32:06	1506616326	819	0	5	0	0	500	200
2017-09-28 18:32:07	1506616327	812	0	5	0	0	500	200
2017-09-28 18:32:08	1506616328	798	0	5	0	0	500	200
2017-09-28 18:32:09	1506616329	783	0	5	0	0	500	200
2017-09-28 18:32:10	1506616330	783	0	5	0	0	500	200
2017-09-28 18:32:11	1506616331	768	0	5	0	0	500	200
2017-09-28 18:32:12	1506616332	822	0	5	0	0	500	200
2017-09-28 18:32:13	1506616333	775	0	5	0	0	500	200
2017-09-28 18:32:14	1506616334	819	0	5	0	0	500	200
2017-09-28 18:32:15	1506616335	817	0	5	0	0	500	200
2017-09-28 18:32:16	1506616336	791	0	5	0	0	500	200
2017-09-28 18:32:17	1506616337	812	0	5	0	0	500	200
2017-09-28 18:32:18	1506616338	818	0	5	0	0	500	200
2017-09-28 18:32:19	1506616339	800	0	5	0	0	500	200
2017-09-28 18:32:20	1506616340	826	0	5	0	0	500	200
2017-09-28 18:32:21	1506616341	825	0	5	0	0	500	200
2017-09-28 18:32:22	1506616342	817	0	5	0	0	500	200
2017-09-28 18:32:23	1506616343	816	0	5	0	0	500	200
2017-09-28 18:32:24	1506616344	816	0	5	0	0	500	200
2017-09-28 18:32:25	1506616345	828	0	5	0	0	500	200
2017-09-28 18:32:26	1506616346	814	0	5	0	0	500	200
2017-09-28 18:32:27	1506616347	825	0	5	0	0	500	200
2017-09-28 18:32:28	1506616348	828	0	5	0	0	500	200
2017-09-28 18:32:29	1506616349	828	0	5	0	0	500	200
2017-09-28 18:32:30	1506616350	814	0	5	0	0	500	200
2017-09-28 18:32:31	1506616351	816	0	5	0	0	500	200
2017-09-28 18:32:32	1506616352	826	0	5	0	0	500	200
2017-09-28 18:32:33	1506616353	828	0	5	0	0	500	200
2017-09-28 18:32:34	1506616354	829	0	5	0	0	500	200
2017-09-28 18:32:35	1506616355	824	0	5	0	0	500	200
2017-09-28 18:32:36	1506616356	813	0	5	0	0	500	200
2017-09-28 18:32:37	1506616357	820	0	5	0	0	500	200
2017-09-28 18:32:38	1506616358	827	0	5	0	0	500	200
2017-09-28 18:32:39	1506616359	821	0	5	0	0	500	200
2017-09-28 18:32:40	1506616360	829	0	5	0	0	500	200
2017-09-28 18:32:41	1506616361	828	0	5	0	0	500	200
2017-09-28 18:32:42	1506616362	816	0	5	0	0	500	200
2017-09-28 18:32:43	1506616363	824	0	5	0	0	500	200
2017-09-28 18:32:44	1506616364	829	0	5	0	0	500	200
2017-09-28 18:32:45	1506616365	829	0	5	0	0	500	200
2017-09-28 18:32:46	1506616366	828	0	5	0	0	500	200
2017-09-28 18:32:47	1506616367	824	0	5	0	0	500	200
2017-09-28 18:32:48	1506616368	828	0	5	0	0	500	200
2017-09-28 18:32:49	1506616369	828	0	5	0	0	500	200
2017-09-28 18:32:50	1506616370	829	0	5	0	0	500	200
2017-09-28 18:32:51	1506616371	828	0	5	0	0	500	200
2017-09-28 18:32:52	1506616372	824	0	5	0	0	500	200
2017-09-28 18:32:53	1506616373	829	0	5	0	0	500	200
2017-09-28 18:32:54	1506616374	810	0	5	0	0	500	200
2017-09-28 18:32:55	1506616375	826	0	5	0	0	500	200
2017-09-28 18:32:56	1506616376	828	0	5	0	0	500	200
2017-09-28 18:32:57	1506616377	828	0	5	0	0	500	200
2017-09-28 18:32:58	1506616378	821	0	5	0	0	500	200
2017-09-28 18:32:59	1506616379	828	0	5	0	0	500	200
2017-09-28 18:33:00	1506616380	820	0	5	0	0	500	200
2017-09-28 18:33:01	1506616381	815	0	5	0	0	500	200
2017-09-28 18:33:02	1506616382	793	0	5	0	0	500	200
2017-09-28 18:33:03	1506616383	807	0	5	0	0	500	200
2017-09-28 18:33:04	1506616384	729	0	5	0	0	500	200
2017-09-28 18:33:05	1506616385	365	1023	5	0	0	500	200
2017-09-28 18:33:06	1506616386	716	0	5	0	0	500	200
2017-09-28 18:33:07	1506616387	737	0	5	0	0	500	200
2017-09-28 18:33:08	1506616388	731	0	5	0	0	500	200
2017-09-28 18:33:09	1506616389	459	1023	5	0	0	500	200
2017-09-28 18:33:10	1506616390	364	1023	5	0	0	500	200
2017-09-28 18:33:11	1506616391	366	1023	5	0	0	500	200
2017-09-28 18:33:12	1506616392	332	1023	5	0	0	500	200
2017-09-28 18:33:13	1506616393	514	930	5	0	0	500	200
2017-09-28 18:33:14	1506616394	337	1023	5	0	0	500	200
2017-09-28 18:33:15	1506616395	338	1023	5	0	0	500	200
2017-09-28 18:33:16	1506616396	645	275	5	0	0	500	200
2017-09-28 18:33:17	1506616397	740	0	5	0	0	500	200
2017-09-28 18:33:18	1506616398	341	1023	5	0	0	500	200
2017-09-28 18:33:19	1506616399	493	1023	5	0	0	500	200
2017-09-28 18:33:20	1506616400	332	1023	5	0	0	500	200
2017-09-28 18:33:21	1506616401	314	1023	5	0	0	500	200
2017-09-28 18:33:22	1506616402	315	1023	5	0	0	500	200
2017-09-28 18:33:23	1506616403	561	695	5	0	0	500	200
2017-09-28 18:33:24	1506616404	582	590	5	0	0	500	200
2017-09-28 18:33:25	1506616405	687	65	5	0	0	500	200
2017-09-28 18:33:26	1506616406	579	605	5	0	0	500	200
2017-09-28 18:33:27	1506616407	355	1023	5	0	0	500	200
2017-09-28 18:33:28	1506616408	437	1023	5	0	0	500	200
2017-09-28 18:33:29	1506616409	417	1023	5	0	0	500	200
2017-09-28 18:33:30	1506616410	423	1023	5	0	0	500	200
2017-09-28 18:33:31	1506616411	523	885	5	0	0	500	200
2017-09-28 18:33:32	1506616412	562	690	5	0	0	500	200
2017-09-28 18:33:33	1506616413	499	1005	5	0	0	500	200
2017-09-28 18:33:34	1506616414	346	1023	5	0	0	500	200
2017-09-28 18:33:35	1506616415	320	1023	5	0	0	500	200
2017-09-28 18:33:36	1506616416	336	1023	5	0	0	500	200
2017-09-28 18:33:37	1506616417	662	190	5	0	0	500	200
2017-09-28 18:33:38	1506616418	688	60	5	0	0	500	200
2017-09-28 18:33:39	1506616419	783	0	5	0	0	500	200
2017-09-28 18:33:40	1506616420	803	0	5	0	0	500	200
2017-09-28 18:33:41	1506616421	778	0	5	0	0	500	200
2017-09-28 18:33:42	1506616422	801	0	5	0	0	500	200
2017-09-28 18:33:43	1506616423	801	0	5	0	0	500	200
2017-09-28 18:33:44	1506616424	787	0	5	0	0	500	200
2017-09-28 18:33:45	1506616425	815	0	5	0	0	500	200
2017-09-28 18:33:46	1506616426	786	0	5	0	0	500	200
2017-09-28 18:33:47	1506616427	801	0	5	0	0	500	200
2017-09-28 18:33:48	1506616428	823	0	5	0	0	500	200
2017-09-28 18:33:49	1506616429	808	0	5	0	0	500	200
2017-09-28 18:33:50	1506616430	812	0	5	0	0	500	200
2017-09-28 18:33:51	1506616431	828	0	5	0	0	500	200
2017-09-28 18:33:52	1506616432	812	0	5	0	0	500	200
2017-09-28 18:33:53	1506616433	829	0	5	0	0	500	200
2017-09-28 18:33:54	1506616434	829	0	5	0	0	500	200
2017-09-28 18:33:55	1506616435	829	0	5	0	0	500	200
2017-09-28 18:33:56	1506616436	829	0	5	0	0	500	200
2017-09-28 18:33:57	1506616437	828	0	5	0	0	500	200
2017-09-28 18:33:58	1506616438	817	0	5	0	0	500	200
2017-09-28 18:33:59	1506616439	816	0	5	0	0	500	200
2017-09-28 18:34:00	1506616440	828	0	5	0	0	500	200
2017-09-28 18:34:01	1506616441	828	0	5	0	0	500	200
2017-09-28 18:34:02	1506616442	824	0	5	0	0	500	200
2017-09-28 18:34:03	1506616443	821	0	5	0	0	500	200
2017-09-28 18:34:04	1506616444	810	0	5	0	0	500	200
2017-09-28 18:34:05	1506616445	823	0	5	0	0	500	200
2017-09-28 18:34:06	1506616446	828	0	5	0	0	500	200
2017-09-28 18:34:07	1506616447	828	0	5	0	0	500	200
2017-09-28 18:34:08	1506616448	829	0	5	0	0	500	200
2017-09-28 18:34:09	1506616449	827	0	5	0	0	500	200
2017-09-28 18:34:10	1506616450	828	0	5	0	0	500	200
2017-09-28 18:34:11	1506616451	824	0	5	0	0	500	200
2017-09-28 18:34:12	1506616452	828	0	5	0	0	500	200
2017-09-28 18:34:13	1506616453	825	0	5	0	0	500	200
2017-09-28 18:34:14	1506616454	824	0	5	0	0	500	200
2017-09-28 18:34:15	1506616455	807	0	5	0	0	500	200
2017-09-28 18:34:16	1506616456	823	0	5	0	0	500	200
2017-09-28 18:34:17	1506616457	812	0	5	0	0	500	200
2017-09-28 18:34:18	1506616458	828	0	5	0	0	500	200
2017-09-28 18:34:19	1506616459	824	0	5	0	0	500	200
2017-09-28 18:34:20	1506616460	824	0	5	0	0	500	200
2017-09-28 18:34:21	1506616461	829	0	5	0	0	500	200
2017-09-28 18:34:22	1506616462	818	0	5	0	0	500	200
2017-09-28 18:34:23	1506616463	822	0	5	0	0	500	200
2017-09-28 18:34:24	1506616464	825	0	5	0	0	500	200
2017-09-28 18:34:25	1506616465	828	0	5	0	0	500	200
2017-09-28 18:34:26	1506616466	828	0	5	0	0	500	200
2017-09-28 18:34:27	1506616467	828	0	5	0	0	500	200
2017-09-28 18:34:28	1506616468	828	0	5	0	0	500	200
2017-09-28 18:34:29	1506616469	829	0	5	0	0	500	200
2017-09-28 18:34:30	1506616470	811	0	5	0	0	500	200
2017-09-28 18:34:31	1506616471	818	0	5	0	0	500	200
2017-09-28 18:34:32	1506616472	829	0	5	0	0	500	200
2017-09-28 18:34:33	1506616473	829	0	5	0	0	500	200
2017-09-28 18:34:34	1506616474	826	0	5	0	0	500	200
2017-09-28 18:34:35	1506616475	824	0	5	0	0	500	200
2017-09-28 18:34:36	1506616476	813	0	5	0	0	500	200
2017-09-28 18:34:37	1506616477	824	0	5	0	0	500	200
2017-09-28 18:34:38	1506616478	829	0	5	0	0	500	200
2017-09-28 18:34:39	1506616479	807	0	5	0	0	500	200
2017-09-28 18:34:40	1506616480	811	0	5	0	0	500	200
2017-09-28 18:34:41	1506616481	818	0	5	0	0	500	200
2017-09-28 18:34:42	1506616482	818	0	5	0	0	500	200
2017-09-28 18:34:43	1506616483	827	0	5	0	0	500	200
2017-09-28 18:34:44	1506616484	822	0	5	0	0	500	200
2017-09-28 18:34:45	1506616485	826	0	5	0	0	500	200
2017-09-28 18:34:46	1506616486	823	0	5	0	0	500	200
2017-09-28 18:34:47	1506616487	825	0	5	0	0	500	200
2017-09-28 18:34:48	1506616488	824	0	5	0	0	500	200
2017-09-28 18:34:49	1506616489	820	0	5	0	0	500	200
2017-09-28 18:34:50	1506616490	819	0	5	0	0	500	200
2017-09-28 18:34:51	1506616491	810	0	5	0	0	500	200
2017-09-28 18:34:52	1506616492	809	0	5	0	0	500	200
2017-09-28 18:34:53	1506616493	824	0	5	0	0	500	200
2017-09-28 18:34:54	1506616494	817	0	5	0	0	500	200
2017-09-28 18:34:55	1506616495	829	0	5	0	0	500	200
2017-09-28 18:34:56	1506616496	819	0	5	0	0	500	200
2017-09-28 18:34:57	1506616497	829	0	5	0	0	500	200
2017-09-28 18:34:58	1506616498	821	0	5	0	0	500	200
2017-09-28 18:34:59	1506616499	819	0	5	0	0	500	200
2017-09-28 18:35:00	1506616500	824	0	5	0	0	500	200
2017-09-28 18:35:01	1506616501	828	0	5	0	0	500	200
2017-09-28 18:35:02	1506616502	826	0	5	0	0	500	200
2017-09-28 18:35:03	1506616503	828	0	5	0	0	500	200
2017-09-28 18:35:04	1506616504	821	0	5	0	0	500	200
2017-09-28 18:35:05	1506616505	824	0	5	0	0	500	200
2017-09-28 18:35:06	1506616506	823	0	5	0	0	500	200
